1_27;48;244.7;152.52;106.34;131.23;106.36;224.04;226.55;359.78;499.26;514.89;553.26;631.44;705.09;646.78;656.24;613.55;598.32;648.16;670.81;610.22;552.13;561.2;519.91;376.11;291.35;123.62;251.69;123.62;285.51;243.82;271.55;732.2;834.95;879.99;961.63;1005.37;949.83;986.88;918.85;896.71;940.46;914.92;842.0;794.74;848.71;793.68;663.67;498.16
1_28_battery;48;0.0;0.0;0.0;0.0;0.0;0.0;0.0;0.0;0.0;0.0;0.0;0.0;0.0;0.0;0.0;0.0;0.0;0.0;0.0;0.0;0.0;0.0;0.0;0.0;0.0;0.0;0.0;0.0;0.0;0.0;0.0;0.0;0.0;0.0;0.0;-79.55597667340898;79.51068107916528;8.977574200190334;0.0;0.0;0.0;0.0;0.0;0.0;0.0;0.0;0.0;0.0
2_0;48;15.63;6.47;4.21;5.0;4.21;6.68;12.41;15.25;28.15;28.38;29.64;34.21;36.95;36.33;34.01;31.03;31.18;33.83;37.8;38.69;37.12;34.7;32.9;22.86;6.47;4.21;5.0;4.21;6.96;12.28;12.03;33.06;40.51;43.78;48.2;54.23;54.84;52.68;46.62;44.45;47.8;50.74;51.24;48.67;49.6;43.19;26.5;14.84
3_14;48;65.51;34.7;20.11;23.68;20.12;49.73;58.34;96.97;125.89;127.62;138.71;164.88;179.15;164.68;161.53;146.94;142.32;160.85;181.41;171.87;165.31;164.04;153.18;105.65;41.32;20.11;23.68;20.12;32.64;58.34;66.21;184.11;203.18;220.3;249.45;272.1;263.58;269.39;238.03;230.62;246.21;258.96;248.18;239.1;237.51;227.85;168.85;128.87
3_15_battery;48;0.0;0.0;0.0;0.0;0.0;0.0;0.0;0.0;0.0;0.0;0.0;0.0;0.0;0.0;0.0;0.0;0.0;0.0;0.0;0.0;0.0;0.0;0.0;0.0;0.0;0.0;0.0;0.0;0.0;0.0;0.0;0.0;0.0;0.0;0.0;-13.624643918435591;13.597496230118292;1.5359367881710264;0.0;0.0;0.0;0.0;0.0;0.0;0.0;0.0;0.0;0.0
4_3;48;14.64;6.35;3.84;4.58;3.83;6.76;12.24;16.49;26.52;26.85;29.38;34.34;37.06;34.39;33.7;30.69;29.79;33.7;37.82;35.73;34.53;34.67;32.06;22.59;6.92;3.83;4.58;3.84;8.39;12.8;14.86;32.04;39.68;44.04;48.74;54.15;53.27;52.88;46.4;43.96;48.0;50.94;49.54;46.93;49.79;42.72;27.48;14.61
4_4;48;14.64;6.35;3.84;4.58;3.83;6.76;12.24;16.49;26.52;26.85;29.38;34.34;37.06;34.39;33.7;30.69;29.79;33.7;37.82;35.73;34.53;34.67;32.06;22.59;6.92;3.83;4.58;3.84;8.39;12.8;14.86;32.04;39.68;44.04;48.74;54.15;53.27;52.88;46.4;43.96;48.0;50.94;49.54;46.93;49.79;42.72;27.48;14.61
5_0;48;5.57;2.52;1.63;1.94;1.63;2.64;4.86;6.08;10.54;10.53;10.93;12.69;13.73;13.09;12.2;11.42;11.56;12.65;14.32;14.25;13.67;12.86;12.4;8.44;2.53;1.63;1.94;1.63;2.62;5.28;5.79;11.79;14.78;16.18;17.95;20.35;20.55;19.74;17.34;16.46;17.79;18.94;18.98;18.04;18.36;15.89;9.37;5.3
6_8;48;1.3;1.29;1.29;1.29;1.29;1.29;1.38;2.0;2.42;2.55;2.41;2.27;2.2;1.95;2.19;2.19;2.27;2.35;2.11;1.67;1.61;1.46;1.46;1.33;1.29;1.29;1.29;1.29;1.29;1.38;0.97;1.45;2.68;2.15;2.18;2.33;1.42;1.98;1.96;2.29;2.39;1.48;0.18;0.81;0.72;1.46;1.33;1.3
6_9_battery;48;0.0;0.0;0.0;0.0;0.0;0.0;0.0;-1.1701222070045332;-1.9958906056158752;-0.4312525022837829;0.0;0.9071951760926021;1.6903155347368226;1.62618002826394;0.6963923759892708;0.0;0.0;0.0;0.0;-0.2290194536707017;-0.3956912875281908;-0.0992860067047484;-0.0992860067047484;0.0;0.0;0.0;0.0;0.0;0.0;0.0;0.0;0.0;-1.7894042037826685;-0.5346229431673117;-0.29726870044875026;-0.4737321532909337;0.5807972249289104;0.18256184025533623;0.13554052872385186;-0.2697549887131295;-0.45813288118158085;0.6168927241497368;0.42302905542712177;0.33973142692112424;0.0;0.0;0.0;0.0
7_7;48;12.52;16.91;12.33;17.45;12.33;17.53;20.51;20.24;23.34;43.69;43.64;43.6;45.09;43.19;43.57;43.57;43.59;45.74;28.96;27.96;22.13;24.64;21.2;18.69;21.05;12.33;22.53;12.33;18.29;14.18;10.83;41.49;66.9;71.12;74.32;79.26;76.71;83.98;77.28;75.71;78.21;53.76;36.41;16.06;36.02;22.7;32.93;12.52
7_8;48;12.52;16.91;12.33;17.45;12.33;17.53;20.51;20.24;23.34;43.69;43.64;43.6;45.09;43.19;43.57;43.57;43.59;45.74;28.96;27.96;22.13;24.64;21.2;18.69;21.05;12.33;22.53;12.33;18.29;14.18;10.83;41.49;66.9;71.12;74.32;79.26;76.71;83.98;77.28;75.71;78.21;53.76;36.41;16.06;36.02;22.7;32.93;12.52
7_9;48;12.52;16.91;12.33;17.45;12.33;17.53;20.51;20.24;23.34;43.69;43.64;43.6;45.09;43.19;43.57;43.57;43.59;45.74;28.96;27.96;22.13;24.64;21.2;18.69;21.05;12.33;22.53;12.33;18.29;14.18;10.83;41.49;66.9;71.12;74.32;79.26;76.71;83.98;77.28;75.71;78.21;53.76;36.41;16.06;36.02;22.7;32.93;12.52
7_10;48;12.52;16.91;12.33;17.45;12.33;17.53;20.51;20.24;23.34;43.69;43.64;43.6;45.09;43.19;43.57;43.57;43.59;45.74;28.96;27.96;22.13;24.64;21.2;18.69;21.05;12.33;22.53;12.33;18.29;14.18;10.83;41.49;66.9;71.12;74.32;79.26;76.71;83.98;77.28;75.71;78.21;53.76;36.41;16.06;36.02;22.7;32.93;12.52
7_11_battery;48;0.0;0.0;0.0;0.0;0.0;0.0;-8.665977485354885;-7.324402215650548;-55.25970106679382;-77.67269141997811;27.252994021487233;77.50354710846166;77.47432987012478;70.61199398154288;0.0;0.0;0.0;0.0;0.0;-24.719683888870325;-16.746890088346372;-29.314567775625907;-12.12839207016617;0.0;0.0;0.0;0.0;0.0;0.0;0.0;0.0;0.0;-68.7445689486496;-29.1252149640283;-25.0342277661712;-57.91255105036993;18.380266230502293;-28.852112046572074;3.1203849030052204;-10.094274023635691;-27.319635707636422;62.001069165094236;77.49331406356144;16.152674659552943;0.0;0.0;0.0;0.0
8_10;48;94.14;175.94;93.64;163.09;99.22;147.14;177.05;260.34;289.49;252.48;258.69;251.09;261.2;253.96;258.58;255.85;257.64;251.46;302.12;178.59;197.17;122.65;144.91;157.99;191.02;107.09;188.02;109.87;260.38;273.92;345.33;388.34;400.8;421.15;410.23;435.37;426.41;469.85;426.63;439.94;421.86;458.61;305.47;317.32;238.93;270.12;168.2;112.27
8_11_battery;48;0.0;0.0;0.0;0.0;0.0;0.0;0.0;0.0;-6.316529124896823;0.0;0.0;0.0;0.0;0.0;0.0;0.0;0.0;0.0;0.0;0.0;0.0;0.0;0.0;0.0;0.0;0.0;0.0;0.0;0.0;0.0;0.0;0.0;-6.684756868860713;7.428259146934705;0.0;-4.051931091917364;4.503959330165459;-20.773261528939713;1.9152522656548192;0.0;0.0;-57.47881927805307;0.0;0.0;0.0;0.0;0.0;0.0
9_13;48;100.04;147.99;99.14;147.79;99.43;147.87;99.14;149.15;182.18;236.7;235.55;235.99;240.73;240.03;239.78;242.61;236.23;164.73;165.14;162.81;163.55;161.58;161.96;165.13;171.02;114.95;169.08;114.03;167.83;98.91;95.0;245.38;304.2;308.54;311.67;316.47;318.79;329.07;319.84;317.65;237.38;234.65;226.51;222.04;220.38;220.43;198.21;117.63
10_28;48;510.55;296.39;220.61;227.25;218.63;335.1;422.55;567.28;710.31;688.66;841.6;952.8;1004.59;968.88;956.28;905.96;879.78;951.72;1067.47;1075.2;1081.12;1018.19;910.96;645.06;504.92;406.47;408.7;379.74;487.72;559.8;678.56;1018.54;1132.66;1195.12;1308.99;1389.6;1337.93;1382.71;1282.85;1281.87;1397.62;1442.73;1435.29;1407.16;1365.06;1264.41;1043.45;826.43
11_0;48;15.05;6.53;3.93;4.7;3.93;6.96;12.58;16.95;27.26;27.61;30.21;35.33;38.11;35.38;34.67;31.58;30.6;34.77;38.88;36.73;35.5;35.64;32.94;23.22;7.12;3.93;4.7;3.93;8.64;13.16;15.28;32.97;40.83;45.31;50.14;55.74;54.83;54.42;47.75;45.24;49.39;52.43;50.96;48.3;51.19;43.96;28.27;15.02
11_1;48;15.05;6.53;3.93;4.7;3.93;6.96;12.58;16.95;27.26;27.61;30.21;35.33;38.11;35.38;34.67;31.58;30.6;34.77;38.88;36.73;35.5;35.64;32.94;23.22;7.12;3.93;4.7;3.93;8.64;13.16;15.28;32.97;40.83;45.31;50.14;55.74;54.83;54.42;47.75;45.24;49.39;52.43;50.96;48.3;51.19;43.96;28.27;15.02
12_20;48;52.39;41.87;23.35;23.35;23.35;23.35;23.35;30.9;44.5;38.65;101.55;145.73;162.23;167.93;166.4;164.05;164.82;167.2;190.33;189.49;190.34;136.14;73.26;73.77;23.35;23.35;23.35;23.35;23.35;23.35;7.23;34.08;103.22;152.41;222.88;257.23;269.99;275.52;267.9;269.16;270.36;272.42;266.58;263.33;185.21;133.24;128.53;103.84
12_21_battery;48;0.0;0.0;0.0;0.0;0.0;0.0;0.0;0.0;0.0;9.922293225814062;0.0;0.0;0.0;0.0;0.0;0.0;0.0;0.0;0.0;0.0;0.0;0.0;0.0;0.0;0.0;0.0;0.0;0.0;0.0;0.0;0.0;0.0;0.0;0.0;0.0;0.0;0.0;0.0;0.0;0.0;0.0;0.0;-7.665381469720302;-37.23628572487217;37.246304505322264;12.75075261696245;0.0;0.0
13_4;48;54.64;31.05;28.94;27.06;27.03;27.73;34.52;55.51;60.45;49.06;43.26;34.18;32.38;32.7;32.62;33.49;35.67;34.15;51.3;71.3;74.64;80.46;81.19;68.44;50.89;47.86;46.26;43.58;45.57;51.86;71.09;81.79;78.02;59.59;52.53;53.74;55.05;57.37;55.48;56.81;76.18;86.59;102.78;102.87;116.6;115.69;96.65;77.7
13_5;48;54.64;31.05;28.94;27.06;27.03;27.73;34.52;55.51;60.45;49.06;43.26;34.18;32.38;32.7;32.62;33.49;35.67;34.15;51.3;71.3;74.64;80.46;81.19;68.44;50.89;47.86;46.26;43.58;45.57;51.86;71.09;81.79;78.02;59.59;52.53;53.74;55.05;57.37;55.48;56.81;76.18;86.59;102.78;102.87;116.6;115.69;96.65;77.7
13_6;48;54.64;31.05;28.94;27.06;27.03;27.73;34.52;55.51;60.45;49.06;43.26;34.18;32.38;32.7;32.62;33.49;35.67;34.15;51.3;71.3;74.64;80.46;81.19;68.44;50.89;47.86;46.26;43.58;45.57;51.86;71.09;81.79;78.02;59.59;52.53;53.74;55.05;57.37;55.48;56.81;76.18;86.59;102.78;102.87;116.6;115.69;96.65;77.7
13_7;48;54.64;31.05;28.94;27.06;27.03;27.73;34.52;55.51;60.45;49.06;43.26;34.18;32.38;32.7;32.62;33.49;35.67;34.15;51.3;71.3;74.64;80.46;81.19;68.44;50.89;47.86;46.26;43.58;45.57;51.86;71.09;81.79;78.02;59.59;52.53;53.74;55.05;57.37;55.48;56.81;76.18;86.59;102.78;102.87;116.6;115.69;96.65;77.7
